# X1 X2 y
-0.6425 1.0351 0
-0.0135 -1.0925 0
-0.4800 0.3855 0
1.5400 -0.8441 0
0.6418 -0.7514 0
-0.5830 0.5986 0
0.8758 -0.4426 0
-1.0316 -0.7943 0
-0.3865 -0.5647 0
0.4617 1.5052 0
-0.3018 1.6397 0
0.6238 -0.0836 0
-0.7380 -1.1730 0
0.8002 -0.5324 0
0.0333 -0.2889 0
-0.7686 0.8188 0
0.0581 0.5481 0
-0.4225 -0.5006 0
0.1490 -1.8779 0
-1.1788 0.2448 0
-0.7839 -0.3806 0
-1.7521 -1.0563 0
-1.8582 0.0815 0
0.0308 -1.4476 0
-1.3396 0.3758 0
-1.0316 0.2497 0
0.3257 -0.3180 0
-0.7663 -0.3864 0
-0.8913 0.0273 0
-1.2264 -0.0235 0
-0.2012 0.0755 0
-0.6142 0.6986 0
-0.8627 -0.0496 0
-0.2632 -0.2613 0
0.4367 -0.9592 0
-1.5869 -1.1045 0
-1.1526 0.4338 0
1.7492 0.7566 0
-1.4730 -0.3438 0
-1.0701 1.2978 0
-1.1808 -1.8923 0
0.6772 0.0068 0
-1.2873 -0.9330 0
0.3345 1.1680 0
0.1621 -0.1314 0
1.2831 -0.7891 0
0.4675 -0.4066 0
0.9767 -1.1105 0
-1.5591 1.6736 0
0.2415 0.3313 0
0.3681 0.2616 0
0.3788 -0.4362 0
-0.4436 -0.7047 0
0.3667 -1.1283 0
0.4890 0.7683 0
-0.4670 -1.6513 0
-0.4573 1.4160 0
-0.0358 -1.1437 0
-0.9412 -2.0045 0
0.0496 0.2016 0
-1.2519 -0.0250 0
-0.4120 -1.0288 0
-0.0089 1.7651 0
0.6294 0.7457 0
0.7124 -0.9571 0
0.7879 -1.4800 0
0.3208 0.8546 0
0.5738 0.5344 0
1.2978 1.3014 0
-0.1076 0.7989 0
1.8643 -1.0717 0
1.2614 0.6579 0
-0.1884 -0.7511 0
0.5101 1.0939 0
1.4779 -0.9058 0
-1.0575 2.3958 0
-1.3121 -1.0696 0
0.7580 -0.6157 0
-1.2710 0.7717 0
1.1876 -0.1615 0
-0.4188 0.9210 0
-1.5784 0.6210 0
-1.5447 -1.4599 0
0.9936 1.3772 0
0.4018 0.7024 0
-1.7068 -0.0548 0
0.0483 -0.6037 0
0.6966 -0.7996 0
-0.3002 -0.0829 0
0.5546 -0.0485 0
1.1205 0.5812 0
0.2620 0.1189 0
-0.7661 -0.5308 0
3.4087 0.3459 0
-0.8682 0.0232 0
-0.1033 0.7618 0
1.3309 -0.3224 0
0.2443 1.0542 0
-0.1300 0.6926 0
0.8359 -1.1720 0
1.6671 0.9650 0
0.2423 0.1645 0
0.2214 -0.5134 0
-1.1843 -0.5599 0
-1.2311 -0.1112 0
-0.4845 0.7930 0
-0.1833 1.6915 0
0.4257 -1.6241 0
2.6192 0.2743 0
-1.3657 -0.3896 0
1.0435 -1.3510 0
1.2990 0.1918 0
-0.3897 -0.6655 0
0.5744 0.8069 0
0.0911 -0.1997 0
1.1303 -1.3644 0
1.3365 0.3845 0
0.5209 1.3538 0
0.6628 0.1335 0
0.7763 -0.1649 0
0.5727 -0.5242 0
-1.7017 -0.5604 0
-0.2853 -0.6927 0
-0.7289 -1.6794 0
0.4299 0.3156 0
1.4923 0.1242 0
0.1693 0.3035 0
0.1244 -1.1108 0
0.1608 0.8091 0
-1.0092 -0.1054 0
-0.8980 -0.8495 0
-1.2852 0.7524 0
-0.0250 -1.3316 0
0.7226 1.2926 0
0.1066 0.3281 0
-0.6670 -1.5428 0
0.9622 -2.3174 0
1.0171 0.2868 0
0.1866 -1.0943 0
1.4580 1.3300 0
-0.2626 0.2854 0
1.4301 -3.2159 0
0.3627 -0.9202 0
1.2380 -0.1155 0
-1.6596 -2.1420 0
-0.1922 0.1117 0
-0.3926 0.0256 0
-0.6675 2.2694 0
-0.4643 1.2603 0
0.0052 -1.6619 0
-0.5123 0.0145 0
-0.4961 0.8270 0
-0.4695 -0.0583 0
-1.2538 -0.8606 0
-0.8396 -0.0227 0
0.0847 -0.7416 0
0.5898 0.7030 0
0.3830 0.1776 0
1.6981 2.3066 0
1.5388 -1.3881 0
-0.2457 0.2307 0
0.6804 -0.8955 0
-1.8962 0.7767 0
0.4521 1.2062 0
0.3594 0.4100 0
-0.5492 -0.4964 0
0.4638 -1.8123 0
0.6409 1.3810 0
0.0927 -1.9251 0
-1.7432 1.2699 0
-0.2511 0.4872 0
0.8475 0.1791 0
2.0952 -1.0335 0
-0.4374 0.1155 0
0.1300 -0.2011 0
-0.1312 -0.2119 0
-1.9570 0.7441 0
0.1337 -0.1571 0
1.9372 0.5653 0
-0.4251 1.2225 0
1.0253 0.2608 0
0.8145 1.9604 0
-0.4319 -0.4867 0
-0.8285 2.4016 0
0.5721 -0.2716 0
-0.0628 0.9037 0
0.6878 -1.5853 0
-0.4610 -0.2463 0
-0.1062 0.6239 0
1.3394 0.8907 0
-0.6239 0.8780 0
2.0946 -1.4423 0
-0.2315 1.2083 0
-0.0932 -0.8095 0
-1.3560 -0.5818 0
-1.2006 0.3523 0
-1.3265 0.5972 0
-0.7173 -1.8497 0
0.0674 0.6205 0
-2.2177 2.2754 0
5.3471 1.6624 1
5.6029 1.3870 1
3.5961 2.6872 1
2.7168 3.1092 1
5.0011 2.9193 1
6.1699 1.8552 1
3.8999 0.5639 1
6.5627 1.5312 1
4.8303 0.8640 1
3.3064 0.8890 1
6.6496 1.5466 1
2.9601 0.0416 1
4.4598 1.8128 1
5.0282 1.1130 1
6.0248 -0.1887 1
3.5345 2.0748 1
3.8261 1.3765 1
4.2294 1.2918 1
4.8755 1.5680 1
3.5824 1.9522 1
4.2711 1.3010 1
5.3580 2.1695 1
3.1489 0.8893 1
4.3846 1.1411 1
3.5991 1.3691 1
2.6564 2.2060 1
3.2254 0.6199 1
4.5146 1.8176 1
3.6807 1.7433 1
3.8428 0.0846 1
4.1910 2.4842 1
1.2095 -0.1928 1
4.0797 1.8774 1
5.6453 3.8308 1
4.4409 1.3495 1
4.1308 -0.3401 1
3.9323 1.2578 1
2.6066 0.3847 1
5.3712 0.4349 1
4.1143 0.4328 1
3.3175 2.1122 1
1.8898 -0.7116 1
4.1435 1.5554 1
3.2508 0.2272 1
5.5465 -0.6122 1
4.8987 1.8904 1
3.0991 0.7916 1
3.7793 0.6333 1
3.6560 2.6454 1
4.3854 1.4563 1
3.6908 1.4977 1
3.8899 1.7864 1
5.2497 1.8480 1
4.4738 0.5099 1
4.3035 1.4898 1
4.8894 1.6023 1
5.6594 1.4828 1
4.4391 0.4692 1
3.3338 2.0191 1
3.9487 -0.1508 1
3.3131 1.4683 1
4.0523 2.3415 1
5.6736 1.3407 1
2.6273 0.3041 1
2.6062 0.4863 1
3.4439 0.6325 1
5.3543 -0.8368 1
3.5096 0.4947 1
3.4051 2.1050 1
2.9556 0.5565 1
3.3727 -0.6921 1
4.5166 -0.2291 1
4.2140 1.6829 1
3.6722 0.3115 1
2.7642 1.1640 1
2.6091 0.1175 1
5.0703 1.5653 1
4.3436 0.9012 1
5.4746 -0.4117 1
4.0180 0.3664 1
2.9516 0.8860 1
3.5823 0.7409 1
3.5915 0.1224 1
3.4222 -0.5879 1
2.3237 0.3030 1
4.0363 1.2707 1
3.3798 0.6957 1
3.0071 -0.8498 1
5.0947 0.3388 1
3.0954 -0.1177 1
2.6705 1.4891 1
5.4785 1.7758 1
4.3302 0.1675 1
5.4190 2.6087 1
5.0438 -0.5728 1
3.2177 0.0436 1
4.7002 0.6885 1
3.6395 1.7782 1
3.4530 0.6165 1
3.5661 1.6249 1
4.7939 -0.5140 1
3.1119 0.4949 1
3.7290 1.5952 1
6.2747 0.7242 1
4.0177 1.0835 1
4.0747 0.4612 1
3.3413 0.9681 1
4.5920 0.1074 1
4.4914 1.0194 1
3.9322 -0.1864 1
4.3277 1.7593 1
2.6583 1.8561 1
3.7991 1.0909 1
3.1284 0.4539 1
4.5103 0.0687 1
4.6233 -0.8484 1
4.6362 0.1690 1
5.6348 0.4681 1
3.0888 -0.7531 1
3.5118 1.1636 1
3.7496 0.9748 1
4.0149 0.3149 1
5.0309 2.0291 1
5.1341 1.1528 1
5.0969 -1.0978 1
3.6018 -0.0727 1
3.7554 2.6104 1
1.7955 0.6325 1
3.1225 0.4813 1
3.8665 0.2108 1
2.4068 2.1557 1
4.2147 1.7598 1
5.5250 0.8003 1
5.6031 1.2654 1
5.7123 1.3100 1
5.9976 1.8237 1
2.3245 2.5342 1
4.1866 2.6709 1
3.1848 1.8193 1
0.8157 1.5577 1
3.6305 1.8331 1
4.8590 0.5185 1
4.0236 1.2781 1
5.3615 0.6817 1
3.7262 1.5532 1
2.1397 0.7214 1
4.9999 0.3302 1
3.6806 0.4443 1
2.8810 0.5977 1
3.3027 1.6481 1
4.9028 0.6691 1
2.6311 -0.1407 1
2.9354 1.7920 1
5.1113 0.7135 1
3.6553 1.6014 1
3.9978 1.9719 1
4.0132 0.9783 1
4.3887 0.3044 1
4.6093 1.4710 1
4.5879 0.8167 1
4.6707 1.4485 1
4.9663 0.8353 1
3.7181 1.8908 1
2.8915 0.8004 1
4.1328 0.3446 1
4.3267 0.7525 1
4.9724 0.7583 1
4.8709 -0.0248 1
4.5977 0.2471 1
4.6682 2.2895 1
3.0492 0.1951 1
2.4745 1.2649 1
3.9735 0.4633 1
4.7485 0.5339 1
3.1871 2.0021 1
4.5168 3.2255 1
3.8628 1.9092 1
4.5499 1.3794 1
3.0097 1.1697 1
3.8380 0.1136 1
2.6349 1.7811 1
4.4658 0.7484 1
3.3666 0.8975 1
4.2371 1.5882 1
4.4120 2.8515 1
6.5535 0.3498 1
4.3928 0.7356 1
4.5804 1.9338 1
5.0316 0.7311 1
3.5384 1.5824 1
4.1850 2.8763 1
4.6977 0.7234 1
4.3545 0.9531 1
3.7020 1.5534 1
4.9393 1.1915 1
3.5979 0.1494 1
4.1276 2.0586 1
4.9832 2.0643 1
4.7291 1.5045 1
3.8360 1.3903 1
7.3180 -3.1828 2
5.7227 -1.9064 2
5.4052 -1.2309 2
4.6039 -2.7593 2
6.4557 -2.9795 2
6.6494 -3.3932 2
5.7854 -2.4824 2
7.1165 -1.1161 2
6.3891 -4.1304 2
6.9847 -3.1347 2
4.6435 -1.0126 2
4.5047 -2.8247 2
5.0856 -2.3721 2
5.3488 -2.2229 2
6.4667 -1.6507 2
5.7318 -1.3523 2
5.6273 -0.4477 2
7.1118 -1.8819 2
4.4261 -3.7200 2
5.8469 -0.8771 2
5.8379 -3.0093 2
7.3525 -2.5955 2
5.2297 -1.0784 2
3.9819 0.7517 2
6.5442 -1.1514 2
5.7130 -2.8445 2
5.9954 0.1798 2
6.1979 -2.9654 2
5.9594 -1.9328 2
5.7216 -1.8675 2
5.3128 -0.8767 2
6.4837 -1.1875 2
5.4509 -0.9458 2
8.0751 -1.4401 2
5.5858 -1.5730 2
7.0071 -3.0610 2
7.1820 -0.8900 2
6.7133 -0.3217 2
5.5587 -1.3928 2
7.1893 -2.5343 2
5.2386 -2.4837 2
6.6910 -2.2656 2
6.1979 -2.3672 2
7.6933 -2.0877 2
2.5376 -1.5421 2
7.7183 0.1651 2
6.3100 -2.4260 2
5.5569 -2.4274 2
2.9460 -2.9449 2
7.8883 -2.0967 2
6.2435 -2.2233 2
5.7079 -1.8996 2
6.9017 0.2022 2
6.1637 -0.7054 2
5.8089 -3.4457 2
4.1310 -2.7452 2
4.7716 -3.4430 2
6.4487 -2.5028 2
7.6469 -1.9107 2
7.4098 -1.9930 2
5.7298 -1.5899 2
8.0010 -1.9593 2
5.7963 -2.7627 2
5.5737 -2.6793 2
6.0242 -2.9870 2
5.5336 -2.6806 2
4.6595 -1.2892 2
6.4331 -1.9669 2
6.2421 -2.7072 2
5.6779 -1.5886 2
4.8942 -3.4512 2
4.8142 -1.6847 2
6.9349 -0.4393 2
5.7706 -4.0613 2
5.0826 -1.4002 2
6.6298 -1.0451 2
6.3464 -2.9078 2
4.8216 -2.6708 2
7.0378 -2.6657 2
6.9956 -3.2942 2
6.8994 -2.1397 2
7.6235 -3.5262 2
6.9296 -0.8605 2
6.6535 -3.0281 2
3.8485 -1.6045 2
6.6611 -1.1089 2
5.2759 -1.8800 2
4.9271 -3.7141 2
5.3601 -0.9355 2
5.5806 -2.0984 2
6.0996 -2.0696 2
7.3355 -1.1725 2
5.4719 -3.5722 2
4.9823 -2.8684 2
5.9892 -3.6230 2
7.1846 -3.5703 2
7.1242 -1.8772 2
5.0415 -1.9661 2
6.7140 -2.9335 2
6.4687 -2.5173 2
5.8187 -3.4952 2
5.8405 -1.3076 2
7.5625 -1.6645 2
5.5325 -0.4649 2
6.3741 -2.0695 2
5.2129 -1.4547 2
5.2940 -3.0945 2
5.2199 -0.9832 2
7.1119 -3.9553 2
6.1313 -1.8787 2
7.8333 -0.0011 2
5.1527 -1.9558 2
4.7444 -1.8127 2
8.5005 -0.5818 2
4.7505 -1.0110 2
5.4941 -0.1496 2
5.7425 -1.6322 2
4.0032 -2.0962 2
6.4245 -2.2295 2
6.6553 -4.1066 2
5.8438 -3.0649 2
5.9185 -3.6006 2
5.2826 -2.1928 2
5.5322 -3.7534 2
6.5635 -2.7154 2
6.8658 -3.7004 2
5.7428 -1.3848 2
6.5308 -2.9585 2
6.1647 -0.6525 2
5.1151 -1.9117 2
5.4834 -1.5462 2
4.3708 -2.6748 2
5.4487 -0.6210 2
7.3266 -1.1635 2
5.3645 -0.4583 2
5.0565 -4.4356 2
7.4560 -2.7234 2
6.4404 -3.0683 2
5.2499 -0.9510 2
6.0823 -2.9145 2
7.1676 -1.0268 2
4.8411 -2.9478 2
4.5055 -1.4311 2
6.1202 -1.8784 2
6.5681 -1.2765 2
5.8019 -1.6328 2
5.7554 -1.3894 2
6.6829 -2.5134 2
7.2315 -0.7314 2
6.4609 -2.0893 2
4.2173 -1.5966 2
6.3925 -1.7512 2
3.9170 -3.0464 2
5.5932 -1.2577 2
6.2686 -1.1945 2
7.3167 -2.4785 2
5.5758 -2.3633 2
5.4838 -2.9343 2
4.9793 0.6893 2
5.1497 -1.3244 2
5.3820 -2.7733 2
5.6223 -1.8749 2
7.0267 -2.7784 2
5.0402 -0.8233 2
4.6785 -2.3228 2
5.9775 -1.8735 2
6.4457 -1.6259 2
4.3545 -1.9052 2
3.6493 -0.6989 2
6.6712 -2.4180 2
5.3955 -2.6018 2
6.0248 -3.1784 2
5.7720 -3.7598 2
7.2647 -2.7460 2
6.5993 -3.0837 2
4.6080 -2.5477 2
6.3797 -1.0108 2
6.7710 -4.0083 2
7.4313 -1.1966 2
7.3063 -2.5110 2
5.7492 -2.5864 2
4.3020 -1.9428 2
6.1716 -2.4875 2
7.4627 -2.4067 2
5.1904 -0.4690 2
6.5219 -1.5105 2
7.0976 -1.6598 2
4.6490 -2.3685 2
5.7690 -2.4113 2
5.4403 -0.7963 2
5.1100 -1.8660 2
6.3021 -0.9961 2
6.2642 -1.1558 2
4.2272 -1.7606 2
6.1780 -2.3094 2
6.1389 -1.6886 2
5.0246 -2.3936 2
6.2538 -2.4225 2
5.6476 -0.6467 2
6.6644 -2.6993 2
